 123.29469445   36.25250559      1237657607497319535   20.07   22.33   2
 123.29800786   36.26806879      1237657607497384375   18.53   19.79   3
 123.18567255   36.27740955      1237657594612679477   20.02   20.75   3
 123.41132238   36.06755211      1237657594075808452   20.18   21.03   2
 123.24285892   36.32783213      1237657594612744203   20.09   20.47   3
 123.15984019   36.28475036      1237657594612679448   19.80   20.97   2
 123.29485728   36.18678163      1237657607497318981   20.41   20.97   3
 123.17744885   36.19218742      1237657607497319093   20.10   20.61   3
 122.95452803   36.24597756      1237657594612613997   20.91   21.69   2
 122.95332650   36.25002652      1237657594612614016   20.86   21.33   2
 122.98606688   36.36280923      1237657594612679079   19.82   20.77   2
 123.16039443   36.30956356      1237657594612679503   20.80   21.59   2
 123.17581777   36.48133563      1237657594612745104   19.89   21.34   2
 123.21389163   36.17221155      1237657607497319104   19.93   21.15   2
 123.52901476   36.26807393      1237657607497384726   20.51   21.14   2
 123.01638342   36.11898065      1237657594612613595   20.01   20.41   3
 123.24683323   36.17181230      1237657607497319153   20.50   21.73   3
 123.43829550   36.08425315      1237657594075808226   19.13   20.07   3
 123.22603863   36.48126026      1237657594612745188   19.66   20.72   3
 123.14371913   36.22519291      1237657594612678809   18.93   19.76   3
 123.01107896   36.38447786      1237657594612679103   20.48   20.98   3
 123.31121651   35.96187394      1237657594075742688   20.05   20.70   2
 123.38198708   36.01802204      1237657594075743188   20.83   21.38   3
 123.42817311   35.99719428      1237657594075808197   19.74   20.90   2
 123.39979811   36.02676003      1237657594075808324   19.89   21.25   2
 123.49243687   36.12865178      1237657594075809007   20.92   22.52   2
 123.52910397   36.22974998      1237657594075874042   20.83   21.93   2
 122.94378467   36.28319918      1237657594612613640   20.35   20.85   3
 122.96322678   36.18429770      1237657594612613844   19.92   20.53   3
 123.26822084   36.49389491      1237657594612745266   20.74   21.31   3
 123.20034213   36.49011678      1237657594612744513   20.66   21.78   3
 123.40202540   36.47803915      1237657594612809771   18.59   19.53   3
 123.03667102   36.05443649      1237657607497253397   20.61   21.23   2
 123.53475798   36.26654529      1237657607497384737   20.09   20.99   2
 123.53963477   36.24833600      1237657607497385105   20.58   22.96   2
 122.93262177   36.33022799      1237657608034189800   20.90   21.74   2
 123.01804363   36.40825077      1237657608034190137   20.04   21.00   3
 122.95797312   36.17416738      1237657594612613806   19.49   20.38   3
 123.00777239   36.10707346      1237657594612613590   20.75   21.21   3
 123.34587155   36.00708463      1237657594075742599   19.14   19.70   3
 123.48507601   36.00002321      1237657594075808212   19.35   20.29   3
 123.00759496   36.40725839      1237657608034189845   18.82   19.96   3
 123.23935210   36.49548520      1237657594612744793   19.80   20.18   3
 123.01235397   36.40677186      1237657608034190125   19.89   20.66   3
 123.18682198   35.91337409      1237657594075676983   19.55   20.39   3
 123.45992452   36.05992846      1237657594075808523   20.55   21.05   3
 123.57632825   36.05017108      1237657594075808756   20.57   21.10   3
 123.59415198   36.06132811      1237657594075808816   20.47   21.17   2
 123.56157912   36.22001259      1237657594075873728   20.88   21.35   3
 123.55321098   36.09880245      1237657594075873795   20.63   21.21   3
 123.61999502   36.05888755      1237657594075873805   20.80   21.70   2
 123.61030599   36.09722511      1237657594075873881   20.29   22.90   2
 123.64893786   36.10070971      1237657594075873951   20.98   21.95   2
 123.65406639   36.10080580      1237657594075873971   20.43   21.51   3
 123.67255576   36.13780726      1237657594075874062   19.29   23.10   3
 123.56542180   36.21775681      1237657594075874065   20.92   21.49   2
 122.91910126   36.11265751      1237657594612547952   18.19   18.93   3
 122.97089523   36.05262532      1237657594612548534   20.97   22.26   3
 122.93942836   36.08339909      1237657594612547918   20.08   20.84   3
 122.99743697   36.07791452      1237657594612548637   20.88   21.47   3
 122.88827643   36.17393008      1237657594612548696   21.00   21.47   3
 122.93093780   36.17706846      1237657594612613776   20.43   21.90   2
 123.40601301   36.52371835      1237657594612810224   20.98   21.48   2
 123.45566020   36.52639637      1237657594612810686   20.74   21.55   2
 122.97988505   36.01290894      1237657607497188051   20.38   21.13   2
 122.98015484   36.03574959      1237657607497188098   20.67   21.28   2
 123.20847901   35.95419196      1237657607497253452   20.40   21.12   2
 123.60639647   36.30936660      1237657607497450157   20.97   21.47   3
 123.51575010   36.39600359      1237657607497450191   20.19   21.01   3
 123.47936997   36.43198685      1237657607497450205   20.34   21.46   2
 123.58685902   36.41610225      1237657607497450316   19.62   22.12   2
 122.96611960   36.39268951      1237657608034190056   20.29   21.34   2
 123.14859014   36.54411984      1237657608034255162   18.89   19.89   3
 123.04742509   36.46647108      1237657608034255283   19.87   20.86   2
 123.03843248   36.46207945      1237657608034255393   20.99   21.49   3
 123.09225971   36.55486132      1237657608034255621   20.62   21.66   2
 123.13493471   36.54029963      1237657608034255651   20.53   21.42   2
 122.89964956   36.09249568      1237657594612548055   18.77   19.73   3
 122.85314835   36.17936936      1237657594612548169   19.77   20.22   3
 122.88445233   36.18514388      1237657594612613582   20.61   21.04   3
 122.86722074   36.14165654      1237657594612548564   20.84   21.41   3
 122.91682073   36.10870700      1237657594612548572   20.58   21.44   3
 122.93966734   36.07923926      1237657594612548537   20.81   21.28   3
 123.59743681   36.02971377      1237657594075808087   18.16   19.34   3
 123.62294506   36.11947787      1237657594075873707   18.97   20.35   3
 123.63272482   36.13721438      1237657594075874002   19.69   20.68   3
 123.63413546   36.07971185      1237657594075873880   20.06   20.79   3
 123.52075170   36.02270682      1237657594075808225   20.60   21.04   3
 123.69051221   36.19293800      1237657594075873655   18.96   19.67   3
 123.59965405   36.32380361      1237657607497449610   20.43   21.19   2
 123.44838130   36.50189823      1237657594612809968   18.76   19.88   3
 123.51422102   36.45872815      1237657607497449947   18.70   19.80   3
 123.61322956   36.21611503      1237657594075873741   19.53   20.47   3
 122.99236230   36.47716261      1237657608034255354   19.37   20.35   3
 122.93546988   36.34687247      1237657608034189917   19.92   20.82   3
 122.87148327   36.31260503      1237657608034124189   19.73   20.33   3
 122.88017681   36.19547673      1237657594612613724   20.73   21.65   3
 123.21705134   36.55168701      1237657594612810334   20.56   21.20   2
 123.34300206   36.56665810      1237657594612810220   20.44   20.89   3
 123.46697216   36.51977147      1237657594612810232   19.74   20.24   3
 123.40219532   36.52586614      1237657594612810223   19.53   20.18   3
 123.30791898   35.96499016      1237657594075742967   20.32   21.26   2
 123.45661516   36.02424046      1237657594075808423   19.94   21.46   2
 123.40861855   36.06909406      1237657594075808450   20.21   21.01   3
 123.41980634   36.12805611      1237657594075808626   20.93   22.57   2
 123.44263957   36.11265853      1237657594075808628   20.60   22.54   2
 123.67178252   36.22634706      1237657594075939020   20.70   21.01   2
 123.66662331   36.26362261      1237657594075939502   20.80   21.43   2
 123.68469654   36.32900040      1237657594075939687   20.40   21.14   2
 123.68829991   36.34928782      1237657594075939747   20.78   21.89   2
 123.67244255   36.35900632      1237657594075939744   20.76   21.66   2
 122.83482455   36.09354336      1237657594612547680   19.95   20.61   3
 122.84394771   36.08157734      1237657594612548136   19.71   20.88   2
 122.85733311   36.06666299      1237657594612548354   19.82   20.85   2
 122.89280079   36.05427170      1237657594612548404   20.20   21.03   3
 122.89878864   36.08581309      1237657594612548490   20.87   21.56   2
 122.82965129   36.15977348      1237657594612548539   20.47   21.11   3
 122.84676922   36.11151788      1237657594612548456   20.73   21.80   2
 122.81942141   36.22191901      1237657594612548688   20.78   21.37   2
 122.84094734   36.22909342      1237657594612613740   20.47   21.19   2
 123.17776812   36.36365086      1237657594612678927   18.29   20.21   2
 123.20146273   36.37823869      1237657594612744919   20.64   21.24   2
 123.23675308   36.37569681      1237657594612744985   20.44   20.94   3
 122.98898752   35.94444736      1237657607497187922   20.30   21.56   2
 123.04641862   35.92646051      1237657607497187971   20.96   21.53   2
 123.01294928   35.97122403      1237657607497188019   20.98   21.57   2
 123.06343302   35.94494721      1237657607497188041   20.91   21.93   2
 123.09502502   35.93889290      1237657607497188062   20.89   21.73   3
 123.18233029   36.13486424      1237657607497253732   20.97   21.51   3
 123.19711583   36.14030108      1237657607497319017   20.70   21.28   3
 123.27726226   36.14171903      1237657607497319132   20.96   22.00   2
 123.30053312   36.14551178      1237657607497319177   20.40   21.14   3
 123.38364395   36.29004245      1237657607497384615   20.45   21.55   2
 123.63151754   36.40081368      1237657607497449865   20.38   21.12   3
 123.63604149   36.44092671      1237657607497515029   19.14   20.18   3
 123.55537210   36.49024496      1237657607497515340   20.41   21.57   2
 123.52058185   36.50964037      1237657607497515573   20.90   21.41   3
 123.60850824   36.43334745      1237657607497515643   20.57   21.23   3
 123.54687309   36.48491698      1237657607497515655   20.71   21.45   2
 123.62114613   36.45216966      1237657607497515690   19.68   20.21   3
 123.63166749   36.44974719      1237657607497515708   20.64   21.80   2
 122.82564961   36.32328176      1237657608034124111   20.15   20.62   3
 122.77935762   36.27255387      1237657608034124341   20.78   21.35   2
 122.81918505   36.32436224      1237657608034124503   20.89   24.92   2
 122.81722713   36.32857849      1237657608034124506   20.65   21.18   3
 122.81257989   36.38462205      1237657608034124648   20.33   21.21   2
 122.93670780   36.52441707      1237657608034255374   20.81   21.65   3
 123.21527909   36.60071690      1237657608034321081   20.92   21.35   3
 123.19890123   36.62504234      1237657608034321110   20.86   21.59   2
 122.89228158   36.01291994      1237657594612547812   18.78   19.36   3
 123.03635667   35.92266558      1237657607497187754   20.34   20.76   3
 122.93220557   35.98149600      1237657607497187644   19.31   19.93   3
 123.01827795   35.95567821      1237657607497187416   19.95   20.73   3
 123.16020466   36.14453886      1237657607497253345   19.93   20.42   3
 123.24280476   36.13160205      1237657607497319065   20.15   20.83   3
 123.38396870   36.03845282      1237657594075807758   14.49   14.83   3
 123.49255980   36.11738870      1237657594075807901   18.96   20.20   3
 123.38983730   36.06788700      1237657594075808408   19.43   20.76   2
 123.39090837   36.30429630      1237657607497384259   16.43   17.73   3
 123.67269087   36.37155871      1237657607497449873   19.53   20.46   3
 123.64971292   36.36457243      1237657607497450034   20.99   21.55   3
 123.62154451   36.41468038      1237657607497450353   19.36   20.30   3
 123.14653769   36.36019205      1237657594612679596   19.48   21.15   2
 122.82688962   36.21035207      1237657594612548673   19.62   20.87   3
 122.99057951   36.56613773      1237657608034255515   20.83   21.41   3
 123.04771514   36.56592981      1237657608034255587   17.25   24.28   2
 123.54182039   36.52673812      1237657607497515362   16.77   18.01   3
 123.54621474   36.53329582      1237657607497515382   20.91   21.54   3
 123.49246674   36.10555653      1237657594075809110   20.47   24.81   2
 123.64422724   36.20477026      1237657594075873748   20.65   20.97   3
 123.49024153   36.16620168      1237657594075873839   16.93   23.05   2
 123.56108865   36.19182442      1237657594075874014   20.96   21.44   3
 123.61460936   36.20715159      1237657594075874107   20.11   21.98   2
 123.48682187   36.16937008      1237657594075874251   17.34   23.09   2
 123.59317783   36.22418436      1237657594075874362   20.39   22.90   2
 123.64538218   36.28340822      1237657594075939243   19.25   20.63   2
 123.64779862   36.24995141      1237657594075939427   20.26   21.35   2
 123.64521986   36.27956029      1237657594075939902   20.43   22.80   2
 122.89277052   36.08833686      1237657594612547885   20.67   21.81   2
 122.93739209   36.04274563      1237657594612548448   20.52   21.12   2
 122.89500572   36.08392302      1237657594612548475   20.20   20.76   3
 122.96416269   36.04838776      1237657594612548508   20.58   21.30   3
 122.91544624   36.12241165      1237657594612548602   20.74   21.57   2
 122.87869812   36.17010849      1237657594612548173   20.46   20.92   3
 122.93427972   36.04300581      1237657594612548443   20.87   21.87   3
 122.90432037   36.14616511      1237657594612548643   20.46   21.76   2
 122.97884572   36.06098997      1237657594612548828   20.72   22.88   2
 122.88549394   36.26842927      1237657594612613224   20.50   21.50   3
 123.00565552   36.29169182      1237657594612613483   20.85   22.01   2
 122.90548388   36.28003856      1237657594612613516   20.18   20.61   3
 122.93220611   36.23929729      1237657594612613617   20.86   21.44   2
 123.01373483   36.21600915      1237657594612613632   20.60   21.15   2
 123.06680187   36.24744976      1237657594612613663   20.69   21.09   3
 122.89591956   36.19155551      1237657594612613749   20.99   21.68   2
 123.02206095   36.10968161      1237657594612613774   20.91   21.59   2
 122.97264072   36.17589404      1237657594612613843   20.67   23.49   2
 122.88775668   36.27870005      1237657594612613959   20.86   21.45   2
 122.93830520   36.26350158      1237657594612614019   20.87   21.38   3
 122.91386207   36.29903100      1237657594612614076   20.43   21.57   2
 122.96975561   36.27925795      1237657594612614136   20.89   23.00   2
 123.01959376   36.25503369      1237657594612614160   19.92   20.89   3
 123.11739463   36.36074955      1237657594612678891   17.94   19.84   3
 122.98028383   36.33338290      1237657594612679063   20.54   21.05   2
 123.11182568   36.33782219      1237657594612679117   20.84   21.66   3
 122.97613258   36.32234027      1237657594612679225   20.88   21.54   3
 123.00014272   36.36307599      1237657594612679353   20.90   22.39   2
 123.03826736   36.35758212      1237657594612679411   20.73   21.28   3
 123.02255063   36.39553103      1237657594612679471   20.83   21.36   3
 123.07905026   36.38485254      1237657594612679537   20.96   21.69   2
 123.14060713   36.36784598      1237657594612679604   20.81   21.36   2
 123.22123410   36.31365673      1237657594612679616   20.49   21.65   2
 123.14521407   36.46272481      1237657594612744233   20.83   21.54   3
 123.20167509   36.46830132      1237657594612744762   20.97   21.49   2
 123.17372569   36.49945889      1237657594612744767   20.60   21.17   2
 123.17240917   36.49762379      1237657594612744769   20.32   21.43   2
 123.15121807   36.43396259      1237657594612744974   20.29   21.04   3
 123.29507177   36.42896894      1237657594612745183   20.45   21.09   3
 123.34611390   36.41320987      1237657594612745217   20.59   21.24   2
 123.30304869   36.49204598      1237657594612810339   20.29   21.58   2
 123.04425715   35.97044944      1237657607497188055   20.62   22.20   2
 122.86302205   36.13732263      1237657594612547913   18.24   19.15   3
 122.89346475   36.18158530      1237657594612613587   18.72   19.89   2
 122.87373612   36.18063584      1237657594612548684   20.99   21.57   3
 123.05245636   36.16552362      1237657594612613624   18.84   19.96   3
 122.97726324   36.08743856      1237657594612548622   20.19   20.95   2
 123.11605035   35.98046311      1237657607497187780   19.20   19.95   3
 122.95035458   36.18827259      1237657594612613602   18.70   20.02   3
 122.92975844   36.11927076      1237657594612547954   19.37   20.17   3
 123.01398733   36.12530101      1237657594612613599   20.54   21.13   3
 123.54080272   36.14282605      1237657594075873688   19.60   20.47   3
 123.59651290   36.26783555      1237657594075873656   18.68   19.86   3
 123.42225711   36.48310162      1237657594612809930   18.80   19.52   3
 123.57532444   36.21006415      1237657594075873577   19.24   19.84   3
 123.43688057   36.46829803      1237657594612810210   19.27   20.51   2
 123.05846921   36.34474181      1237657594612678694   18.45   16.08   3
 123.00744825   36.29277990      1237657594612613482   16.68   17.02   3
 123.08660186   36.32269506      1237657594612678851   19.00   19.51   3
 123.13237788   36.37072699      1237657594612679600   20.71   21.05   3
 123.08629930   36.39973724      1237657594612679586   19.61   20.85   3
 122.94433842   36.32871505      1237657594612613655   20.51   20.93   3
 122.93631740   36.30238027      1237657594612614133   19.92   20.97   3
 122.96922046   36.26380517      1237657594612614092   19.67   20.85   3
 123.18660192   36.47932868      1237657594612745112   20.53   21.24   3
 123.13342326   36.45879845      1237657594612744743   20.43   21.02   3
 122.93977716   36.23213106      1237657594612613620   18.68   20.66   3
 122.91201128   36.28788985      1237657594612613524   18.53   19.77   3
 122.86550992   36.22036201      1237657594612613769   19.35   20.16   3
 122.84160391   36.21251404      1237657594612613687   19.93   20.87   3
 122.91131403   36.23706379      1237657594612613379   19.51   20.03   3
 123.22187057   36.54067537      1237657594612810172   20.45   20.74   3
 123.00072953   36.03703218      1237657607497188138   20.52   21.37   2
 123.06865091   36.11939912      1237657607497253335   19.99   20.88   2
 123.24828978   36.00746356      1237657607497253337   20.89   21.34   3
 123.04102490   36.03857659      1237657607497253373   20.98   21.71   2
 123.21448060   35.94929559      1237657594075742778   20.83   22.27   2
 123.36159110   35.99170492      1237657594075743097   20.72   21.68   2
 123.41336081   36.03878727      1237657594075808377   20.10   20.90   2
 123.43613741   36.11098965      1237657594075808614   20.79   21.35   3
 123.59655773   36.03716122      1237657594075808767   20.96   21.60   2
 123.52572191   36.14989001      1237657594075873692   19.64   21.53   1
 123.62974289   36.08029679      1237657594075873698   20.71   23.31   2
 123.62527287   36.08521454      1237657594075873699   19.93   21.04   2
 123.71457929   36.09166470      1237657594075873725   19.95   20.49   3
 123.47827243   36.16753795      1237657594075873824   20.80   21.33   3
 123.63098864   36.07726245      1237657594075873870   20.79   21.39   2
 123.52955056   36.15377764      1237657594075873878   19.61   23.53   2
 123.48530137   36.19205097      1237657594075873891   18.06   22.95   2
 123.57392470   36.18691289      1237657594075874023   20.67   21.07   3
 123.79208862   36.16329001      1237657594075939237   20.96   21.69   3
 123.59055168   36.29032990      1237657594075939422   19.81   21.07   2
 123.65448157   36.27428734      1237657594075939503   20.12   21.31   3
 123.67541933   36.31388781      1237657594075939634   20.26   21.32   2
 123.73187819   36.24142352      1237657594075939568   20.80   21.88   2
 123.78776662   36.28672895      1237657594075939782   20.96   21.80   2
 123.72788506   36.31285381      1237657594075939737   20.58   21.80   2
 123.78157601   36.31888568      1237657594075939830   21.00   21.76   2
 123.14519045   36.45665192      1237657594612744473   20.85   21.32   3
 123.11136565   35.94640031      1237657607497187454   20.80   21.63   2
 122.96824120   36.01466371      1237657607497187547   20.88   21.24   3
 123.12826280   36.02228830      1237657607497253474   20.97   21.62   2
 123.07326954   36.13397683      1237657607497253584   20.37   21.20   3
 123.13939601   36.09778799      1237657607497253605   20.57   21.33   2
 123.18733051   36.07910822      1237657607497253638   20.92   21.49   3
 123.28597555   36.08389834      1237657607497319037   20.21   21.27   2
 123.37310786   36.09746933      1237657607497319183   20.89   21.92   3
 123.38355423   36.18733608      1237657607497319312   20.66   21.44   2
 123.40337868   36.30683156      1237657607497384361   19.29   19.75   3
 123.40450193   36.30642238      1237657607497384362   20.00   20.48   3
 123.44750422   36.20211877      1237657607497384404   20.36   21.09   2
 123.40786987   36.20692550      1237657607497384528   20.45   21.18   2
 123.31527077   36.27231834      1237657607497384525   20.14   21.52   2
 123.45053656   36.18559928      1237657607497384545   20.02   22.70   2
 123.45709646   36.19568525      1237657607497384552   19.35   21.94   2
 123.46578944   36.20451227      1237657607497384585   19.88   21.52   3
 123.48164738   36.25506898      1237657607497384671   20.77   21.58   3
 123.52007420   36.24701108      1237657607497384692   20.19   21.14   2
 123.33054900   36.36767785      1237657607497384874   20.69   22.66   2
 123.46468728   36.21245256      1237657607497385027   20.68   23.32   2
 123.49623505   36.45970803      1237657607497449645   20.47   21.32   2
 122.92881647   36.10507908      1237657594612547946   17.04   18.32   3
 123.29729165   36.06881757      1237657607497318696   19.47   20.11   3
 123.19116766   35.96718070      1237657607497253450   19.42   20.38   3
 123.13080002   35.98327941      1237657607497253327   19.80   20.46   3
 123.10614370   36.03191472      1237657607497253459   19.81   20.66   3
 123.13180130   36.09079282      1237657607497253578   20.92   21.74   3
 123.18921970   35.97183045      1237657607497253330   20.35   21.04   3
 123.04970559   36.09996910      1237657607497253498   20.49   21.06   3
 123.08512335   36.06125252      1237657607497253485   20.58   21.30   3
 123.08840835   36.03873286      1237657607497253440   19.80   20.56   3
 123.05199386   35.99046724      1237657607497188120   20.22   20.83   3
 123.38335232   36.00328140      1237657594075742631   20.37   20.91   3
 123.67636295   36.18765338      1237657594075873750   18.95   20.12   3
 123.53106351   36.04928600      1237657594075808631   20.16   20.53   3
 123.52991211   36.15187495      1237657594075873690   18.71   21.57   3
 123.42278573   36.14723667      1237657607497319291   20.78   21.78   3
 123.44346598   35.93171346      1237674368068747912   20.91   21.35   3
 123.50853806   35.95214802      1237674368068748040   20.67   21.11   3
 123.46580387   36.07877454      1237657594075808594   19.96   20.89   2
 123.60170990   36.09511792      1237657594075873859   20.63   21.01   3
 123.37225736   35.96664559      1237657594075743060   20.64   21.38   3
 123.58761246   36.12342711      1237657594075873900   20.50   21.38   3
 123.70467608   36.25581800      1237657594075939268   19.68   20.40   3
 123.71530216   36.36113998      1237657594075939338   20.88   21.27   3
 123.58161668   36.35490029      1237657607497449780   18.43   19.10   3
 123.39190897   36.38241726      1237657607497384316   18.56   19.55   3
 123.47310515   36.21396343      1237657607497384598   19.95   21.11   3
 123.45092198   36.22004882      1237657607497384408   19.78   20.32   3
 123.42003608   36.25517021      1237657607497384413   18.81   20.70   1
 123.43505282   36.33810868      1237657607497384442   19.67   20.39   3
 123.45162713   36.19032970      1237657607497384400   19.80   22.19   2
 123.39092473   36.33728558      1237657607497384431   19.90   20.66   3
 123.43318663   36.44395321      1237657607497450010   20.15   20.74   2
 123.47087624   36.37839751      1237657607497450124   20.42   21.85   2
 123.44595106   36.41288822      1237657607497450138   20.93   22.01   3
 123.43841640   36.44280614      1237657607497450175   20.81   21.47   2
 123.44450452   36.44021251      1237657607497450181   20.88   21.42   3
 123.47064338   36.44992341      1237657607497450225   20.96   21.61   2
 123.54566046   36.47015539      1237657607497450354   20.91   21.78   2
 122.99219459   36.40653770      1237657608034189840   20.36   21.04   3
 123.76778398   36.14139528      1237657594075874395   20.89   23.05   2
 123.65228731   36.28070112      1237657594075938878   20.71   21.24   3
 122.81960632   35.95706373      1237657594612482313   20.16   21.29   2
 122.82498712   36.01397872      1237657594612482696   19.62   20.64   3
 122.81175298   36.02560706      1237657594612482837   20.94   21.54   2
 122.80820425   35.99019426      1237657594612483288   19.86   21.16   2
 122.75567811   36.05025951      1237657594612483346   20.68   21.53   2
 122.72220434   36.08203367      1237657594612483364   20.11   21.44   2
 122.86274253   36.07926786      1237657594612547686   20.49   21.10   2
 122.79063714   36.09475769      1237657594612548131   20.10   20.62   3
 122.82866559   36.07572357      1237657594612548322   20.78   21.68   2
 122.76940350   36.13562849      1237657594612548371   20.15   21.22   2
 122.80689882   36.11234729      1237657594612548380   20.46   21.18   3
 122.86994973   36.06983594      1237657594612548399   20.61   21.60   2
 122.82438727   36.08972251      1237657594612548352   20.99   21.95   2
 122.93235564   36.03454786      1237657594612548428   20.62   21.38   2
 122.86976944   36.10222443      1237657594612548477   20.49   21.56   2
 122.88515613   36.13812817      1237657594612548585   20.66   21.49   2
 122.99988004   36.18080095      1237657594612613608   20.32   21.34   2
 122.98232080   36.28500284      1237657594612613647   19.80   20.36   3
 123.13323875   36.19368250      1237657594612613661   19.91   20.76   2
 122.89931757   36.19209400      1237657594612613761   20.51   22.29   2
 122.85388502   36.25766488      1237657594612613829   20.96   21.63   3
 122.97840284   36.23156271      1237657594612614010   20.38   20.97   2
 123.13008218   36.30440163      1237657594612679108   20.51   21.08   2
 123.14217730   36.30527802      1237657594612679112   20.72   21.19   2
 123.15417262   36.31366236      1237657594612679119   20.58   21.12   3
 123.04924476   36.29328049      1237657594612679264   20.71   21.74   2
 123.11266280   36.27903055      1237657594612679349   19.67   21.10   3
 123.01624778   36.36462648      1237657594612679389   19.30   20.30   3
 123.13915817   36.31116965      1237657594612679480   20.97   23.23   2
 123.14822761   36.31186298      1237657594612679492   20.73   21.72   3
 123.07481920   36.40129164      1237657594612679571   20.80   21.67   2
 123.06972596   36.39657499      1237657594612679560   20.77   21.70   2
 123.11507278   36.36703315      1237657594612679565   20.56   21.62   2
 123.15205089   36.38474148      1237657594612679674   20.62   21.21   2
 122.89453817   36.03065539      1237657594612547674   19.94   20.37   3
 122.83567547   36.12625596      1237657594612548044   19.21   19.70   3
 122.77106494   36.00633536      1237657594612483262   19.31   20.53   3
 122.81509917   36.02106102      1237657594612482833   19.23   20.19   2
 122.84088065   35.95873818      1237657594612483269   20.87   21.56   2
 122.82489372   36.08650465      1237657594612548351   20.83   22.48   2
 122.99522946   36.18215596      1237657594612613388   18.08   19.13   3
 123.05344621   36.18258528      1237657594612613520   18.47   19.54   3
 122.92527256   36.00864213      1237657594612548331   20.80   21.13   3
 122.92650127   36.00853840      1237657594612548332   20.58   20.98   3
 123.77208184   36.35689033      1237657594076004895   20.70   21.27   3
 123.63045430   36.34277792      1237657607497449788   19.04   19.55   3
 123.54222293   36.31116733      1237657607497449996   19.26   20.14   3
 123.56432293   36.39177733      1237657607497450246   20.99   21.52   3
 123.49458224   36.32541467      1237657607497449992   20.30   20.81   3
 123.58229396   36.20787651      1237657594075874070   20.12   21.03   3
 123.40293179   36.38044643      1237657607497450057   20.30   21.05   3
 123.10341769   36.42393439      1237657594612679003   19.43   20.25   3
 122.98375367   36.25729459      1237657594612613538   18.56   19.67   3
 123.03745447   36.23144032      1237657594612613540   18.50   19.79   3
 123.06608846   36.20640598      1237657594612613464   18.79   19.63   3
 123.15410839   36.30604957      1237657594612679042   18.49   19.84   3
 123.02241181   36.37523669      1237657594612678959   18.35   19.74   3
 122.99209228   36.20804523      1237657594612613511   18.85   19.86   3
 122.91970804   36.34303541      1237657608034189804   19.39   20.43   3
 123.21068523   36.30115509      1237657594612678979   19.70   20.18   3
 123.11473964   36.27435847      1237657594612678830   18.69   20.06   2
 123.20021081   36.29513407      1237657594612679530   19.38   20.73   3
 122.98171023   36.41713667      1237657608034190110   20.15   20.83   3
 123.13506962   36.28435642      1237657594612679097   20.28   20.70   3
 123.02758251   36.36333758      1237657594612679099   20.21   20.74   3
 123.04681164   36.26157707      1237657594612614228   18.77   21.09   1
 122.85381026   36.25017137      1237657594612613366   18.03   19.15   3
 122.83598775   36.19845453      1237657594612548065   19.30   19.82   3
 122.89717833   36.24595653      1237657594612613606   20.45   20.92   3
 122.83103157   36.20181021      1237657594612548654   20.13   20.94   3
 123.20172501   36.44794626      1237657594612744260   20.61   21.48   2
 123.18325008   36.45792903      1237657594612744752   20.44   20.90   3
 123.26785679   36.34007782      1237657594612744942   20.92   21.72   2
 123.08443661   36.51896603      1237657608034255122   20.15   20.97   2
 123.03655740   36.51075698      1237657608034255464   19.87   21.07   2
 123.01798850   36.52638623      1237657608034255474   20.92   21.72   2
 123.11548769   36.50591239      1237657608034255561   20.46   21.15   3
 123.31368234   36.45025113      1237657594612744795   20.00   20.85   2
 123.11278840   36.42065244      1237657594612744844   20.94   21.38   3
 123.11521172   36.42269380      1237657594612744861   19.61   21.06   2
 123.28561998   36.44980108      1237657594612745207   20.92   21.43   2
 123.36150064   36.42578982      1237657594612745265   20.88   22.06   2
 123.44080032   36.47784685      1237657594612810213   20.56   21.02   3
 123.25020121   36.60668227      1237657594612810527   20.85   21.84   2
 123.33863044   36.60064158      1237657594612810654   20.46   21.30   2
 123.45368668   36.57123369      1237657594612810780   20.34   21.15   2
 123.54062814   36.57038705      1237657594612875570   20.83   22.99   2
 123.54228715   36.57193455      1237657594612875573   20.45   22.65   2
 123.54021139   36.57568357      1237657594612875575   19.58   22.89   2
 123.53659265   36.57429693      1237657594612875576   19.82   22.87   2
 123.52063082   36.55540781      1237657594612875823   19.24   20.19   3
 123.47761401   36.60572764      1237657594612875831   20.89   21.41   2
 123.53090754   36.58107496      1237657594612875842   19.09   23.64   2
 123.38516690   36.65386062      1237657594612875953   20.60   21.30   2
 123.39633521   36.67655931      1237657594612876026   20.62   21.10   3
 123.48399049   36.60011062      1237657594612876003   20.83   21.36   3
 123.70042877   36.01926778      1237657606960513666   20.85   21.32   3
 122.93942307   35.96832557      1237657607497187902   20.36   21.43   2
 122.98667925   35.96733999      1237657607497187964   20.97   21.58   2
 123.05826483   35.92503731      1237657607497187982   20.66   21.44   2
 123.03560490   35.99175035      1237657607497188085   20.24   21.43   3
 122.86374016   35.91994755      1237657607497122142   17.99   18.86   3
 122.96341091   35.92446728      1237657607497187501   18.17   19.55   3
 123.05760494   35.93164635      1237657607497187535   18.87   19.50   3
 123.13879738   35.90720183      1237657607497187768   20.69   20.86   3
 122.96792998   35.94873808      1237657607497187641   19.41   19.94   3
 122.93761753   35.99908364      1237657607497187755   20.71   21.12   3
 123.13862439   35.91410154      1237657607497188082   20.91   21.64   3
 123.75429618   36.11555677      1237657606960513850   19.83   20.67   3
 123.18667305   36.35929728      1237657594612679679   20.59   21.19   2
 123.11721560   36.43846541      1237657594612744915   19.71   20.45   3
 123.19921860   36.56517363      1237657594612810181   19.53   20.33   3
 123.25522353   36.56437491      1237657594612810189   19.37   20.31   3
 123.24528064   36.53911278      1237657594612810183   20.36   20.76   3
 123.46895067   36.65227252      1237657594612875581   18.58   19.11   3
 123.33301545   36.60010171      1237657594612810229   20.97   21.45   3
 123.18074319   35.97912888      1237657607497253333   20.77   21.27   3
 123.15744595   36.06876250      1237657607497253570   20.75   21.26   3
 123.25653617   35.99911816      1237657607497253575   20.81   21.44   2
 123.12421504   36.11946996      1237657607497253624   20.27   20.95   3
 123.24111036   36.04248505      1237657607497253643   20.80   21.34   2
 123.23654198   36.04989480      1237657607497253649   20.47   21.35   2
 123.24007283   36.05048222      1237657607497253663   20.93   22.08   2
 123.18377711   36.11193344      1237657607497253700   20.47   21.31   3
 123.20830806   36.10973890      1237657607497253725   20.99   21.40   3
 123.11969531   36.11371874      1237657607497254066   20.86   23.18   2
 123.31388575   36.18203105      1237657607497318816   20.82   21.39   3
 123.25594445   36.08607070      1237657607497319007   20.95   21.62   2
 123.20484404   36.15214482      1237657607497319054   20.51   21.02   3
 123.32536353   36.07178588      1237657607497319070   20.87   21.76   2
 123.21900222   36.15049120      1237657607497319071   20.58   21.15   2
 123.19915701   36.16892944      1237657607497319082   20.30   21.30   2
 123.22785233   36.16769811      1237657607497319123   20.66   21.87   2
 123.27928648   36.10590664      1237657607497319376   20.63   22.62   2
 123.25488112   36.23060866      1237657607497319507   17.86   23.62   2
 123.27644481   36.24773213      1237657607497319523   18.25   22.23   2
 123.26674900   36.25639195      1237657607497319524   17.91   22.74   2
 123.29088118   36.24562159      1237657607497319528   18.21   22.72   2
 123.24655784   36.23718929      1237657607497318509   20.84   21.12   2
 123.19997839   36.20770666      1237657607497319156   20.47   21.14   3
 123.29660765   36.16786692      1237657607497319211   20.12   22.17   2
 123.19330203   36.24602122      1237657607497319214   19.04   21.54   2
 123.26325911   36.23088924      1237657607497319254   19.81   21.54   2
 123.27475312   36.23315880      1237657607497319271   20.25   20.98   2
 123.28448158   36.25430179      1237657607497319304   20.60   21.62   2
 123.26051196   36.23423994      1237657607497319700   17.16   22.71   2
 123.26544225   36.23202648      1237657607497319702   17.38   22.76   2
 123.27876296   36.24871602      1237657607497319718   19.00   23.04   2
 123.40310411   36.33281475      1237657607497384435   19.75   20.66   2
 123.37072723   36.22477402      1237657607497384517   20.62   21.41   2
 123.36344671   36.23576889      1237657607497384523   20.82   21.39   3
 123.43213637   36.30060630      1237657607497384679   20.28   23.19   3
 123.40570763   36.34357697      1237657607497384711   19.76   21.10   3
 123.41315620   36.34006770      1237657607497384716   20.71   21.95   3
 123.66470592   36.36436792      1237657607497449674   20.91   20.94   3
 123.56001183   36.35598186      1237657607497449769   19.82   20.50   2
 123.60393489   36.35288164      1237657607497450016   19.16   20.84   2
 123.48776389   36.44849354      1237657607497450020   20.61   21.13   2
 123.48756167   36.44690754      1237657607497450021   20.57   21.20   2
 123.47117450   36.42704875      1237657607497450189   20.99   21.44   3
 123.61182937   36.33749924      1237657607497450208   20.78   21.58   3
 123.53908612   36.45531591      1237657607497450328   20.75   21.44   2
 123.63100832   36.46037731      1237657607497515370   19.57   20.18   3
 123.61256901   36.57313893      1237657607497515445   20.32   21.51   2
 123.61763664   36.43686235      1237657607497515572   19.58   20.35   2
 123.60946471   36.58294119      1237657607497515611   20.06   20.87   2
 123.53608339   36.48747953      1237657607497515648   20.24   21.12   2
 123.57097078   36.48796883      1237657607497515689   19.94   20.71   3
 123.70498042   36.43159829      1237657607497515772   20.90   21.59   3
 123.64958575   36.50397130      1237657607497515849   20.56   21.26   3
 123.62717739   36.56745414      1237657607497515898   20.82   21.56   2
 123.69654730   36.44530752      1237657607497516069   20.48   22.65   2
 122.69848420   36.13882041      1237657608034058813   20.55   21.27   2
 122.77852887   36.19571792      1237657608034059025   20.92   21.47   3
 122.69842544   36.27378474      1237657608034059069   20.51   21.39   2
 122.77379666   36.22865378      1237657608034059092   20.69   21.58   3
 122.75502661   36.39068224      1237657608034124014   20.53   21.25   3
 123.20886567   36.10434267      1237657607497253280   18.03   19.56   3
 123.14163483   36.12394760      1237657607497253667   20.60   21.43   3
 123.17477514   36.10005688      1237657607497253273   18.92   19.69   3
 123.07780908   36.09710257      1237657607497253157   20.56   21.11   2
 123.19499614   35.97350805      1237657607497253467   20.46   21.07   3
 123.31773062   36.05361977      1237657607497319022   19.72   20.50   3
 123.65884623   36.41563598      1237657607497515014   18.03   19.29   3
 123.48845876   36.31184133      1237657607497384446   18.22   19.99   3
 123.63229526   36.46254133      1237657607497515369   18.76   19.33   3
 123.67113216   36.45768811      1237657607497515776   20.40   20.61   3
 123.59956362   36.47005898      1237657607497515695   18.34   20.00   3
 123.57779475   36.47762352      1237657607497515575   18.46   19.89   3
 123.58230031   36.39068252      1237657607497449976   20.10   20.80   3
 123.45970854   36.46830268      1237657607497449941   20.71   21.20   2
 123.36408469   36.38256377      1237657607497384438   19.38   20.10   3
 123.45015365   36.36607395      1237657607497449994   19.74   20.39   3
 123.35937846   36.29951522      1237657607497384414   19.82   20.54   3
 123.60061450   36.46070338      1237657607497515685   18.91   20.72   1
 123.35466843   36.19996674      1237657607497319297   20.50   21.02   3
 123.55356292   36.36761315      1237657607497450190   19.17   20.01   3
 123.41813194   36.19256003      1237657607497384392   20.10   20.97   3
 123.67337865   36.45440563      1237657607497515771   19.89   21.11   3
 123.43332276   36.28809762      1237657607497384424   19.63   20.25   3
 123.30887761   36.26209723      1237657607497384495   19.85   20.99   2
 123.28743025   36.29174976      1237657607497384192   18.16   19.04   3
 123.20690336   36.20158079      1237657607497319154   18.99   20.33   3
 123.29354952   36.21288990      1237657607497319262   20.46   21.77   3
 122.69934657   36.26896874      1237657608034059311   19.30   22.61   2
 123.60787620   36.52347614      1237657607497515601   18.29   19.65   3
 123.55243926   36.56608607      1237657607497515832   19.20   22.66   2
 123.64312374   36.55131235      1237657607497515894   20.55   21.32   2
 122.71039850   36.35297215      1237657608034124173   19.71   20.80   2
 122.83653261   36.31468867      1237657608034124511   19.87   21.47   2
 122.77757055   36.38441762      1237657608034124572   20.29   21.52   2
 122.74383169   36.46706082      1237657608034189888   20.91   21.51   3
 122.84014040   36.39682108      1237657608034189893   20.01   21.12   3
 122.76352598   36.47133449      1237657608034189921   20.79   21.82   2
 122.92123997   36.50021240      1237657608034190181   20.73   22.11   3
 122.92507338   36.50493981      1237657608034190191   20.41   22.19   3
 122.89196569   36.53398497      1237657608034190203   20.92   22.46   3
 122.83296789   36.39241824      1237657608034190266   19.94   22.78   2
 123.07034532   36.53479973      1237657608034255130   20.60   21.25   3
 122.93784726   36.51348863      1237657608034255346   20.45   21.18   3
 122.96748540   36.53054916      1237657608034255416   20.97   21.61   3
 123.01721398   36.56185727      1237657608034255545   20.35   21.52   2
 123.10215135   36.50704429      1237657608034255550   20.35   21.15   3
 123.04498342   36.61981473      1237657608034255675   20.64   21.99   2
 123.42677259   35.97840398      1237657594075743169   20.75   21.69   3
 123.60616268   36.00916464      1237657594075808073   20.72   21.50   2
 123.53970822   36.05066726      1237657594075808668   20.66   21.56   2
 123.72383421   36.13299529      1237657594075873740   20.76   21.53   2
 123.70453600   36.16231892      1237657594075873749   20.91   21.36   3
 123.67429255   36.11004470      1237657594075874015   20.86   21.84   3
 123.75864286   36.13924087      1237657594075874189   20.96   21.40   3
 123.78083752   36.28081288      1237657594075939316   20.17   20.70   3
 123.63536082   36.26074537      1237657594075939428   19.22   20.64   2
 123.72094719   36.21297787      1237657594075939476   20.37   22.07   2
 123.63289321   36.29008244      1237657594075939515   20.34   21.11   2
 123.75604169   36.32515981      1237657594075939804   20.32   21.22   2
 123.73937571   36.37084525      1237657594076004759   20.34   20.84   3
 123.74603779   36.41248545      1237657594076005004   20.44   21.06   3
 122.84491308   36.00856777      1237657594612482851   20.94   21.54   2
 123.37672948   35.95775791      1237657594075742708   19.10   20.44   2
 123.64949041   36.06851882      1237657594075873700   20.55   20.93   3
 123.78196970   36.17209149      1237657594075940085   19.88   22.95   3
 123.70928440   36.23069477      1237657594075939134   17.99   19.68   3
 123.75642131   36.22770923      1237657594075939582   19.44   20.89   3
 123.73855247   36.19677677      1237657594075939234   18.27   20.01   3
 123.73755846   36.38547306      1237657594076004375   18.71   19.84   2
 123.73372095   36.19452250      1237657594075939229   20.64   21.07   3
 123.74015318   36.25224049      1237657594075939597   20.33   20.82   3
 123.62774360   36.29481574      1237657594075939242   20.16   20.71   3
 123.07532333   36.47141538      1237657608034255080   18.30   19.04   3
 122.94813840   36.39636034      1237657608034190043   20.97   21.49   3
 122.91807538   36.34551847      1237657608034189805   20.28   20.76   3
 122.78132772   36.43939132      1237657608034189802   18.95   20.10   3
 122.81809655   36.46139652      1237657608034189822   19.12   20.13   3
 122.84217323   36.39973635      1237657608034189890   20.26   20.86   3
 122.84273711   36.39644873      1237657608034189891   20.73   21.16   3
 122.74336016   36.36311710      1237657608034124455   20.94   21.47   3
 122.88889509   36.55328710      1237657608034255358   20.71   21.41   3
 122.99358314   36.52434559      1237657608034255433   20.78   21.16   3
 123.03922477   36.66209398      1237657608034320816   19.88   20.22   3
 123.06324914   36.55253525      1237657608034255582   20.12   20.90   3
 123.07752023   36.53668086      1237657608034255295   19.04   20.06   2
 123.05079931   36.55155812      1237657608034255563   20.25   21.57   3
 123.11123368   36.50967320      1237657608034255565   21.00   21.52   2
 122.78856187   36.00279122      1237657594612483287   20.60   21.14   2
 122.87568257   35.96124248      1237657594612483336   20.87   21.76   3
 122.77847690   36.06411211      1237657594612548117   20.53   20.98   3
 122.84165869   36.01338739      1237657594612548209   20.02   21.45   2
 122.69710319   36.30619925      1237657608034124265   20.15   21.06   2
 123.18221726   36.58307612      1237657608034320972   20.78   21.51   2
 123.07998849   36.67503869      1237657608034321009   20.18   21.06   2
 123.07841112   36.67686813      1237657608034321010   20.60   21.29   2
 123.18580933   36.61017534      1237657608034321043   20.94   21.72   2
 123.09265517   36.63134962      1237657608034320937   20.85   21.80   2
 123.15317472   36.64679306      1237657608034321426   20.90   23.36   2
 123.29015144   36.69560833      1237657608034386440   20.79   21.23   3
 123.19646451   35.84074891      1237674368068616307   20.99   21.45   2
 123.24432547   35.81209719      1237674368068617128   20.03   21.02   2
 122.78515361   36.11380404      1237657594612548341   20.65   22.45   2
 122.74693571   36.08479101      1237657594612548879   20.11   22.75   2
 123.36174206   36.63404893      1237657594612810252   20.30   20.98   2
 123.35313443   36.55546100      1237657594612810581   20.83   21.54   3
 123.31781231   36.63003325      1237657594612810693   20.91   21.36   3
 123.35231926   36.64655369      1237657594612810786   20.94   21.94   2
 123.53969958   36.57799689      1237657594612875568   19.91   22.64   2
 123.52827620   36.58299952      1237657594612875841   20.82   22.73   2
 123.50352525   36.56894801      1237657594612875956   20.91   21.56   2
 123.55597061   36.58932733      1237657594612876084   20.08   21.50   2
 123.47755040   36.64620481      1237657594612876088   20.60   21.82   2
 123.58025836   36.59183035      1237657594612876129   20.15   20.97   2
 123.35864996   35.82300642      1237674368068682021   17.84   18.73   3
 123.03351121   35.83280881      1237674368068550760   20.00   19.32   3
 123.06870031   35.83432453      1237674368068616740   20.39   21.59   3
 123.26810312   35.80248001      1237674368068682287   19.54   20.49   2
 122.79206502   36.02176625      1237657594612482622   19.01   20.08   3
 122.74425266   36.06156744      1237657594612482634   18.92   19.79   3
 122.74529905   36.06157274      1237657594612482635   19.06   19.85   3
 122.86497907   36.00788091      1237657594612547798   18.53   19.45   3
 122.82987704   36.05121352      1237657594612548123   19.05   20.19   3
 122.72868435   36.12664973      1237657594612548009   18.65   19.63   3
 122.78073419   36.13347395      1237657594612548389   19.53   20.90   3
 122.76579427   36.06170803      1237657594612483392   19.32   20.31   3
 122.79342974   36.01205029      1237657594612483318   19.36   20.58   3
 122.77585432   36.01811246      1237657594612483298   19.41   20.84   2
 122.72114295   36.11254462      1237657594612548233   20.32   21.73   3
 122.80916022   36.04328880      1237657594612548221   20.14   21.13   3
 122.92153666   36.06999095      1237657594612548048   20.30   20.61   3
 123.21848697   35.90106613      1237674368068617136   20.74   21.25   3
 122.74586261   36.27849149      1237657608034124282   19.10   20.08   3
 122.70172655   36.30865168      1237657608034124278   20.08   20.83   3
 122.80769526   36.21924811      1237657608034124249   20.31   21.01   3
 122.77651958   36.26407961      1237657608034124296   20.85   21.27   3
 123.30225421   36.63639322      1237657594612809991   19.70   20.43   3
 123.30233932   36.63517917      1237657594612809994   19.11   19.76   3
 123.15992675   36.55892877      1237657608034320891   19.49   20.25   3
 123.15413509   36.70130625      1237657608034321178   20.28   21.23   3
 123.36956123   36.66014834      1237657594612875820   19.98   20.44   3
 123.44414917   36.65713340      1237657594612875845   19.52   20.25   3
 123.38607361   36.54897609      1237657594612810613   18.97   20.16   3
 123.54591395   36.61302466      1237657594612875860   20.09   20.84   3
 123.53283335   36.56289507      1237657594612875997   19.94   20.59   3
 123.55293711   36.50536194      1237657607497515714   19.25   20.95   2
 123.35931667   35.88958424      1237674368068682544   20.85   22.60   2
 123.36010942   35.82747020      1237674368068682514   20.10   21.13   2
 123.42527830   35.90993888      1237674368068747868   19.75   20.53   2
 123.57697368   35.96296666      1237674368068748180   20.88   21.42   2
 123.44543236   35.89463217      1237674368068748248   20.03   22.95   2
 123.44912291   35.89557667      1237674368068748457   20.10   23.01   2
 123.58302625   35.96813451      1237674368068813233   20.77   21.43   2
 123.72585175   36.04649991      1237657606960513551   20.96   21.34   3
 123.70664864   36.06760491      1237657606960514176   20.57   23.40   2
 122.87916763   35.91830728      1237657607497122660   20.72   21.61   2
 122.98336894   35.89168666      1237657607497187618   19.86   20.56   2
 122.97414062   35.91179144      1237657607497187736   20.01   20.64   2
 122.95625395   35.94259139      1237657607497187741   20.01   20.59   3
 122.95420636   35.94238742      1237657607497187742   20.60   21.14   2
 122.96167006   35.94090916      1237657607497187744   19.64   20.58   2
 122.98543835   35.91914983      1237657607497187864   20.83   22.02   2
 122.95828172   35.94492029      1237657607497187871   20.68   21.16   2
 123.04454050   35.91080039      1237657607497187940   20.29   21.23   3
 123.07630022   35.89421104      1237657607497187952   20.97   21.38   3
 123.01870185   35.99499581      1237657607497188061   19.41   21.24   2
 123.58731616   36.39955145      1237657607497450031   20.97   21.64   2
 123.48383103   36.50315377      1237657607497450343   20.76   21.65   2
 123.48861334   36.49981158      1237657607497450344   20.51   21.18   3
 123.58853719   36.55386947      1237657607497515067   18.91   19.92   3
 123.67468902   36.50650770      1237657607497515193   19.97   20.66   3
 123.59534067   36.52186599      1237657607497515592   19.90   20.45   3
 123.64685139   36.49256619      1237657607497515598   19.99   20.44   3
 123.68680744   36.52089250      1237657607497515606   19.29   20.18   3
 123.72452487   36.41786088      1237657607497515773   20.71   22.24   2
 123.69623957   36.42254669      1237657607497515746   20.62   21.22   2
 123.70271823   36.44425626      1237657607497515806   20.36   21.15   2
 123.72635027   36.44742063      1237657607497515845   20.65   21.11   3
 123.70798645   36.44504608      1237657607497515821   20.18   21.68   2
 123.64528411   36.56216755      1237657607497515908   20.71   21.37   3
 122.98199238   35.89346586      1237657607497187617   18.93   19.88   3
 123.00841835   35.89260327      1237657607497187849   20.68   21.48   3
 123.53269450   35.93022579      1237674368068747627   18.05   19.39   3
 123.51761238   35.97539621      1237674368068747623   18.83   19.63   3
 123.42329564   35.92764419      1237674368068747776   19.81   20.29   3
 123.67282444   36.02110179      1237657606960513632   20.97   22.42   2
 123.48073372   35.93234611      1237674368068747975   20.60   21.33   3
 123.31782397   35.90026347      1237674368068682460   20.20   20.95   3
 123.42826466   35.88563052      1237674368068747861   19.96   20.93   3
 123.70584651   35.99632765      1237674368068813498   20.27   20.83   3
 123.73238393   36.42585768      1237657607497515402   17.89   18.86   3
 123.69668585   36.45772707      1237657607497515599   20.02   20.66   3
 123.64751038   36.49386530      1237657607497515597   19.05   19.96   3
 123.66986399   36.46258859      1237657607497515790   20.54   21.67   3
 123.65423814   36.48738162      1237657607497515822   20.06   21.09   2
 122.87440199   36.59121828      1237657595149615605   19.42   20.14   3
 123.56319207   36.55119106      1237657607497515819   20.60   21.26   3
 123.66140866   36.50563258      1237657607497515604   20.30   20.74   3
 122.71953199   36.14381713      1237657608034058842   20.97   21.73   2
 122.69072126   36.24230850      1237657608034058977   19.87   21.03   3
 122.75314912   36.22124619      1237657608034059039   20.80   22.17   2
 122.76540832   36.22466853      1237657608034059065   20.97   21.64   3
 122.68869053   36.23691442      1237657608034059268   18.93   22.88   2
 122.75180732   36.33997274      1237657608034124176   20.62   21.54   2
 122.78060353   36.34161022      1237657608034124460   20.70   21.32   2
 122.74367704   36.38512034      1237657608034124522   20.51   22.26   2
 122.76755462   36.38739856      1237657608034124566   20.89   21.61   3
 122.77138564   36.39993146      1237657608034124614   20.28   21.68   2
 122.76375105   36.41341663      1237657608034124629   20.81   21.41   2
 122.70103592   36.36364306      1237657608034124763   18.62   22.75   2
 122.77688468   36.35439924      1237657608034124812   20.52   22.49   2
 122.85056705   36.47227275      1237657608034189832   20.91   21.33   3
 122.83395379   36.46752870      1237657608034190011   20.62   21.56   3
 122.93256126   36.55690400      1237657608034255422   20.80   22.12   2
 123.04362900   36.63276945      1237657608034255692   20.80   21.65   2
 123.29443162   36.65493938      1237657608034321301   20.61   21.20   2
 122.75102371   36.16738961      1237657608034058679   19.83   20.79   3
 122.92282330   36.43757120      1237657608034190079   20.20   20.95   3
 122.71262398   36.38408453      1237657608034123856   18.70   19.56   3
 122.74338379   36.23294658      1237657608034058616   18.40   19.75   3
 122.75756929   36.35865906      1237657608034124182   19.16   20.12   3
 122.82775288   36.47949688      1237657608034190034   20.97   21.50   3
 122.85411836   36.47183615      1237657608034189481   19.54   20.24   3
 122.80961518   36.42826982      1237657608034189908   19.35   20.27   2
 122.71815482   36.27874725      1237657608034124240   20.18   20.58   3
 122.89880028   36.57491223      1237657608034255400   20.93   21.57   3
 122.79224212   36.51078253      1237657608034189831   20.32   20.84   3
 123.15218063   36.56009367      1237657608034255217   19.18   19.96   3
 123.08149910   36.67931479      1237657608034321022   19.62   21.00   2
 123.28543368   36.69960703      1237657608034386443   21.00   21.51   3
 123.06096907   35.86305374      1237674368068616747   20.89   22.00   2
 123.08669918   35.82930670      1237674368068616775   20.42   21.00   2
 123.13277519   35.87239306      1237674368068616907   20.92   21.50   2
 123.16805001   35.86540032      1237674368068616984   20.37   21.40   3
 123.22291057   35.82200472      1237674368068617092   20.61   21.49   2
 123.41410605   35.84654335      1237674368068682232   19.58   20.44   2
 123.26668618   35.83684503      1237674368068682311   19.92   20.64   2
 123.31452050   35.87487956      1237674368068682442   20.82   21.37   2
 123.32391858   35.87577710      1237674368068682458   20.61   21.28   2
 123.39097161   35.82809423      1237674368068682577   20.81   22.39   2
 123.39533846   35.84184676      1237674368068682592   19.81   20.90   2
 123.79328027   36.19542549      1237657594075939565   20.61   21.38   3
 123.80094975   36.27392939      1237657594075939771   20.86   24.80   2
 123.75879290   36.32669961      1237657594075939813   20.90   21.76   2
 123.75981571   36.42223059      1237657594076005060   20.31   21.36   3
 123.36223009   35.84570030      1237674368068682140   18.16   19.67   3
 122.98465243   35.86290978      1237674368068550944   17.93   19.22   3
 123.09161674   35.86755842      1237674368068616419   19.02   19.71   3
 123.19812272   35.82153648      1237674368068616670   20.23   20.73   3
 123.10109911   35.86750584      1237674368068616528   19.48   20.11   3
 123.06136057   35.84511086      1237674368068616383   19.40   19.90   3
 123.24708085   35.82109294      1237674368068681920   19.43   20.54   2
 123.38467352   35.88296111      1237674368068682598   20.83   21.60   3
 123.73771108   36.40857643      1237657594076004963   19.19   20.65   3
 123.76846741   36.25410792      1237657594075939293   19.28   20.50   2
 122.78154253   36.05050237      1237657594612482841   20.04   21.29   3
 122.78869295   36.03464602      1237657594612483367   20.82   21.41   3
 122.80700697   36.01665742      1237657594612483351   20.38   21.16   2
 123.54559413   35.96613840      1237674368068748131   20.21   21.13   2
 123.61542101   35.94893690      1237674368068813101   20.56   21.55   2
 123.66502552   35.99484707      1237674368068813413   20.74   21.41   2
 123.63528335   35.96599133      1237674368068813701   20.57   22.38   2
 123.34582938   36.67445411      1237657594612875819   20.93   21.33   3
 123.40295410   36.66154767      1237657594612876009   20.27   20.84   3
 123.44321261   35.83769446      1237674368068747863   20.79   21.23   3
 123.45299611   35.86860303      1237674368068748251   19.38   24.02   2
 122.79647117   35.98246313      1237657594612482566   17.96   18.55   3
 122.77901781   36.00130546      1237657594612482573   18.09   18.90   3
 122.77232417   36.06290395      1237657594612548000   19.44   19.89   3
 122.73867810   36.05957376      1237657594612483335   19.18   20.26   3
 123.49941659   35.92210841      1237674368068748008   20.61   21.61   3
 123.34790593   36.66949047      1237657594612875818   20.71   21.24   3
 123.44278066   36.67299305      1237657594612876085   19.88   20.84   2
 123.44826751   36.64678514      1237657594612876055   20.98   21.59   3
 122.79569882   36.52649352      1237657595149550288   20.32   21.00   3
 122.96437986   35.90985155      1237657607497187823   20.95   21.46   2
 123.67544429   36.49628432      1237657607497515862   20.42   21.27   3
 123.65634026   36.55709948      1237657607497515911   20.94   21.39   3
 122.68212348   36.22877153      1237657608034058940   19.62   22.80   2
 122.73854072   36.37765647      1237657608034124496   21.00   22.09   2
 122.74700838   36.41495634      1237657608034124849   20.89   22.59   2
 122.73011488   36.43791326      1237657608034124630   20.93   21.56   3
 122.77343151   36.42041600      1237657608034124657   20.40   21.16   3
 123.00118547   36.63360355      1237657608034254988   20.34   21.57   3
 122.96161802   36.64293203      1237657608034255617   20.68   21.22   3
 123.16836291   36.67380767      1237657608034321149   20.42   21.09   2
 123.15551841   36.69940654      1237657608034321177   20.21   21.19   2
 123.12558395   36.69617886      1237657608034321459   19.76   23.98   2
 122.72884734   36.15741603      1237657608034058876   20.37   21.31   2
 123.67444054   36.47148403      1237657607497515164   20.22   20.95   3
 122.74427620   36.46367815      1237657608034189882   19.87   20.69   3
 122.85498472   36.54696527      1237657608034189851   19.62   20.26   3
 123.00065017   36.66280362      1237657608034255691   20.44   20.96   3
 123.10104244   35.81988897      1237674368068616405   17.98   19.12   3
 123.02793719   35.86271424      1237674368068551761   20.53   21.27   3
 123.24769197   35.80531775      1237674368068617139   20.91   21.48   2
 123.42579215   35.82801884      1237674368068682085   20.23   20.60   3
 123.37551407   35.84298387      1237674368068683033   20.17   23.05   2
 123.61588104   35.92291919      1237674368068813088   20.56   21.34   2
 123.43021453   35.85401984      1237674368068747836   18.62   20.34   3
 123.36672113   35.84182827      1237674368068682037   19.22   19.68   3
 123.33065079   35.83287584      1237674368068682448   20.41   23.18   2
 123.26093576   35.80623598      1237674368068681929   18.11   19.00   3
